Pass: 0, Swaps: 0/0, Array: [-111, -149, 185, 683, 471, 202, -373, 255, 990, -992]
Pass: 1, Swaps: 1/1, Array: [-149, -111, 185, 683, 471, 202, -373, 255, 990, -992]
Pass: 2, Swaps: 0/1, Array: [-149, -111, 185, 683, 471, 202, -373, 255, 990, -992]
Pass: 3, Swaps: 0/1, Array: [-149, -111, 185, 683, 471, 202, -373, 255, 990, -992]
Pass: 4, Swaps: 1/2, Array: [-149, -111, 185, 471, 683, 202, -373, 255, 990, -992]
Pass: 5, Swaps: 2/4, Array: [-149, -111, 185, 202, 471, 683, -373, 255, 990, -992]
Pass: 6, Swaps: 6/10, Array: [-373, -149, -111, 185, 202, 471, 683, 255, 990, -992]
Pass: 7, Swaps: 2/12, Array: [-373, -149, -111, 185, 202, 255, 471, 683, 990, -992]
Pass: 8, Swaps: 0/12, Array: [-373, -149, -111, 185, 202, 255, 471, 683, 990, -992]
Pass: 9, Swaps: 9/21, Array: [-992, -373, -149, -111, 185, 202, 255, 471, 683, 990]
